,City,Lat,Lon,Max Temp,Humidity,Cloudiness,Wind Speed,Country,Date
0,Ushuaia,-54.8,-68.3,44.26,65,75,17.27,AR,1626675526
1,Bathsheba,13.2167,-59.5167,81.21,83,40,23.02,BB,1626675383
2,Hervey Bay,-25.2986,152.8535,71.71,46,0,5.88,AU,1626675527
3,Hilo,19.7297,-155.09,74.93,88,90,0.0,US,1626675527
4,Hobart,-42.8794,147.3294,55.02,66,75,1.01,AU,1626675508
5,Port Alfred,-33.5906,26.891,61.86,33,0,12.88,ZA,1626675527
6,Chokurdakh,70.6333,147.9167,62.53,35,93,4.23,RU,1626675528
7,Iqaluit,63.7506,-68.5145,40.73,75,90,10.0,CA,1626675528
8,Jamestown,42.097,-79.2353,65.52,97,1,3.0,US,1626675529
9,Alofi,-19.0595,-169.9187,75.09,88,20,8.05,NU,1626675529
10,Bluff,-46.6,168.3333,45.81,82,32,8.5,NZ,1626675529
11,Khatanga,71.9667,102.5,65.48,49,95,13.0,RU,1626675530
12,Egvekinot,66.3167,-179.1667,45.39,97,100,1.39,RU,1626675530
13,Marihatag,8.7936,126.2969,82.29,85,99,5.75,PH,1626675530
14,Pisco,-13.7,-76.2167,57.02,88,39,2.3,PE,1626675285
15,Bengkulu,-3.8004,102.2655,83.79,68,78,7.25,ID,1626675531
16,Alegrete,-29.7831,-55.7919,36.95,85,0,7.9,BR,1626675531
17,Sobolevo,54.4299,31.8996,73.9,62,87,4.52,RU,1626675531
18,Atuona,-9.8,-139.0333,77.86,75,10,26.15,PF,1626675385
19,Koppal,15.35,76.15,77.77,75,98,19.57,IN,1626675532
20,Haines Junction,60.7522,-137.5108,60.75,59,98,8.05,CA,1626675532
21,Lüderitz,-26.6481,15.1594,62.58,40,0,8.28,NA,1626675380
22,Siruguppa,15.6333,76.9,82.63,64,100,17.98,IN,1626675533
23,Vila Franca do Campo,37.7167,-25.4333,68.41,83,6,7.56,PT,1626675533
24,Rikitea,-23.1203,-134.9692,69.49,69,100,25.17,PF,1626675534
25,Punta Arenas,-53.15,-70.9167,41.11,75,0,19.57,CL,1626675326
26,Tyup,42.7276,78.3648,73.53,38,50,7.38,KG,1626675534
27,Albany,42.6001,-73.9662,67.26,96,100,3.89,US,1626675336
28,Bethel,41.3712,-73.414,72.93,90,69,3.76,US,1626675535
29,Port Elizabeth,-33.918,25.5701,46.69,71,0,4.61,ZA,1626675536
30,Hermanus,-34.4187,19.2345,54.9,84,68,10.45,ZA,1626675536
31,Muravlenko,63.7898,74.523,66.79,50,23,2.19,RU,1626675536
32,Hasaki,35.7333,140.8333,91.69,80,4,12.91,JP,1626675537
33,Bara,10.3744,10.7288,73.0,90,100,10.2,NG,1626675537
34,Bogatić,44.8375,19.4806,67.95,99,100,5.41,RS,1626675538
35,Ngama,11.7833,17.1667,74.91,81,98,7.29,TD,1626675538
36,Āsbe Teferī,9.0833,40.8667,65.73,69,89,5.37,ET,1626675538
37,Mahébourg,-20.4081,57.7,75.25,68,75,11.5,MU,1626675539
38,Vänersborg,58.3807,12.3234,65.86,59,12,12.66,SE,1626675539
39,Provideniya,64.3833,-173.3,50.11,81,90,13.42,RU,1626675539
40,Mount Darwin,-16.7725,31.5838,56.88,44,3,3.71,ZW,1626675540
41,Puerto Ayacucho,5.6639,-67.6236,73.38,98,90,0.49,VE,1626675540
42,Aksarka,66.5606,67.7975,67.21,52,53,4.79,RU,1626675541
43,Hithadhoo,-0.6,73.0833,81.9,68,63,1.77,MV,1626675541
44,Cherskiy,68.75,161.3,55.17,47,82,8.79,RU,1626675541
45,Fortuna,40.5982,-124.1573,56.08,94,90,6.91,US,1626675542
46,Hong Kong,22.2855,114.1577,82.38,94,100,1.01,HK,1626675523
47,Sinnamary,5.3833,-52.95,77.38,85,45,5.21,GF,1626675542
48,Saskylakh,71.9167,114.0833,57.02,80,100,9.6,RU,1626675543
49,Seryshevo,51.0933,128.3786,78.01,85,100,8.08,RU,1626675543
50,Severo-Kuril'sk,50.6789,156.125,53.06,92,84,13.15,RU,1626675544
51,Bredasdorp,-34.5322,20.0403,54.28,87,20,3.44,ZA,1626675544
52,Mildura,-34.2,142.15,57.16,54,90,8.05,AU,1626675544
53,Mataura,-46.1927,168.8643,45.48,98,58,2.04,NZ,1626675545
54,Upernavik,72.7868,-56.1549,36.66,87,100,15.57,GL,1626675545
55,Ribeira Grande,38.5167,-28.7,68.4,94,75,14.97,PT,1626675546
56,Kruszwica,52.6756,18.3313,66.31,77,1,9.53,PL,1626675546
57,Nizhniy Kuranakh,58.8353,125.4869,86.54,37,89,7.34,RU,1626675546
58,Dongsheng,39.8161,109.9776,84.74,33,1,8.01,CN,1626675547
59,Kirakira,-10.4544,161.9205,82.49,70,99,11.41,SB,1626675547
60,Mazamari,-11.3258,-74.5308,64.99,98,43,1.01,PE,1626675547
61,Tambun,-6.2641,107.0712,94.46,62,40,10.36,ID,1626675548
62,Clyde River,70.4692,-68.5914,37.63,81,90,9.22,CA,1626675383
63,Thompson,55.7435,-97.8558,46.56,93,40,4.61,CA,1626675305
64,Beringovskiy,63.05,179.3167,48.79,91,100,12.64,RU,1626675549
65,Hargeisa,9.56,44.065,69.78,59,91,32.64,SO,1626675550
66,Qaanaaq,77.484,-69.3632,29.35,79,24,4.0,GL,1626675315
67,Sumbe,-11.2061,13.8437,68.97,87,65,0.98,AO,1626675550
68,Salinópolis,-0.6136,-47.3561,77.76,83,6,7.11,BR,1626675551
69,Yellowknife,62.456,-114.3525,57.29,71,20,5.75,CA,1626675410
70,Santa Cruz de la Sierra,-17.8,-63.1667,60.26,31,90,12.66,BO,1626675466
71,High Level,58.5169,-117.136,57.31,82,90,0.0,CA,1626675552
72,Padang,-0.9492,100.3543,86.05,68,92,6.13,ID,1626675552
73,Florø,61.5996,5.0328,54.3,82,75,5.75,NO,1626675553
74,Jardim do Seridó,-6.5844,-36.7744,70.79,76,1,5.3,BR,1626675553
75,Višegrad,43.7847,19.2992,66.43,97,100,1.66,BA,1626675554
76,Aripuanã,-9.1667,-60.6333,78.1,45,58,5.57,BR,1626675554
77,Constitución,-35.3333,-72.4167,50.23,54,0,5.93,CL,1626675554
78,Cururupu,-1.8283,-44.8683,73.92,93,15,3.04,BR,1626675551
79,Ampanihy,-24.7,44.75,71.49,57,69,9.91,MG,1626675555
80,Kurkino,53.4257,38.6582,80.49,56,12,3.51,RU,1626675556
81,Cape Town,-33.9258,18.4232,50.88,95,46,1.01,ZA,1626675556
82,Hailar,49.2,119.7,72.75,75,99,8.88,CN,1626675556
83,Nemuro,43.3236,145.575,79.23,93,25,6.4,JP,1626675557
84,Acaraú,-2.8856,-40.12,76.89,87,5,11.5,BR,1626675281
85,Kaitangata,-46.2817,169.8464,47.93,81,97,5.3,NZ,1626675558
86,Flinders,-34.5833,150.8552,60.19,59,100,1.01,AU,1626675558
87,Alpena,45.0617,-83.4327,67.98,77,1,4.61,US,1626675558
88,Castro,-24.7911,-50.0119,30.65,71,10,4.74,BR,1626675559
89,Saint-François,46.4154,3.9054,65.48,94,0,0.0,FR,1626675559
90,Mar del Plata,-38.0023,-57.5575,47.12,63,75,3.0,AR,1626675284
91,Malatya Province,38.5,38.0,86.05,20,0,5.75,TR,1626675561
92,Arraial do Cabo,-22.9661,-42.0278,66.58,81,100,20.0,BR,1626675561
93,Kabin Buri,13.9511,101.7177,77.27,93,100,9.66,TH,1626675561
94,Touros,-5.1989,-35.4608,72.5,90,53,10.96,BR,1626675562
95,Mossamedes,-15.1961,12.1522,67.17,82,1,4.16,AO,1626675562
96,Talara,-4.5772,-81.2719,66.45,83,39,10.33,PE,1626675563
97,Manaure,11.7751,-72.4445,79.27,81,3,13.69,CO,1626675563
98,Bac Lieu,9.285,105.7244,87.71,62,99,11.63,VN,1626675547
99,Airai,-8.9266,125.4092,74.75,42,58,4.79,TL,1626675564
100,Busselton,-33.65,115.3333,60.08,65,100,9.75,AU,1626675565
101,Lhokseumawe,5.1801,97.1507,86.31,61,91,6.67,ID,1626675565
102,East London,-33.0153,27.9116,65.34,24,0,4.61,ZA,1626675565
103,Pangkalanbuun,-2.6833,111.6167,86.13,70,34,3.36,ID,1626675566
104,Saint Paul Harbor,57.79,-152.4072,59.34,84,63,2.17,US,1626675266
105,Kununurra,-15.7667,128.7333,89.58,13,74,8.05,AU,1626675277
106,Tasiilaq,65.6145,-37.6368,39.36,90,90,6.78,GL,1626675567
107,Nikki,9.9401,3.2108,72.09,96,100,6.98,BJ,1626675567
108,San Cristobal,7.7669,-72.225,64.92,97,58,3.6,VE,1626675568
109,Kapaa,22.0752,-159.319,79.12,80,90,1.99,US,1626675385
110,Beyneu,45.3167,55.2,101.12,11,65,9.04,KZ,1626675568
111,Qeshm,26.9581,56.2719,96.67,66,37,3.98,IR,1626675569
112,Butaritari,3.0707,172.7902,83.97,72,100,11.72,KI,1626675569
113,Bossangoa,6.4926,17.4552,69.39,97,100,3.47,CF,1626675316
114,Iskateley,67.6803,53.1512,74.21,44,94,15.5,RU,1626675570
115,Esim,4.8699,-2.2405,74.84,82,79,6.82,GH,1626675571
116,Huangpi,30.8845,114.3779,77.11,100,40,8.95,CN,1626675571
117,Tyukhtet,56.5389,89.3011,64.99,66,90,7.99,RU,1626675572
118,Belém de São Francisco,-8.7539,-38.9658,68.81,86,0,10.18,BR,1626675573
119,College,64.8569,-147.8028,69.75,60,40,4.61,US,1626675490
120,Stillwater,36.1156,-97.0584,77.94,89,20,5.75,US,1626675573
121,Pevek,69.7008,170.3133,39.34,83,100,5.95,RU,1626675574
122,San Jose,37.3394,-121.895,74.71,69,75,1.01,US,1626675574
123,Vaini,-21.2,-175.2,75.36,94,20,3.44,TO,1626675575
124,Bambanglipuro,-7.95,110.2833,82.92,68,48,14.45,ID,1626675575
125,Cabo San Lucas,22.8909,-109.9124,86.5,75,93,4.0,MX,1626675498
126,Antalaha,-14.9003,50.2788,68.25,93,82,6.29,MG,1626675576
127,Bambous Virieux,-20.3428,57.7575,76.21,68,75,11.5,MU,1626675576
128,Nanortalik,60.1432,-45.2371,45.14,99,100,5.61,GL,1626675576
129,Ponta do Sol,32.6667,-17.1,72.01,85,3,5.66,PT,1626675577
130,Mingoyo,-10.1,39.6333,76.23,57,20,7.34,TZ,1626675577
131,Nur-Sultan,51.1801,71.446,76.95,38,0,4.47,KZ,1626675505
132,Puerto Ayora,-0.7393,-90.3518,71.55,97,76,4.0,EC,1626675578
133,Pascagoula,30.3658,-88.5561,80.65,100,20,0.0,US,1626675578
134,Inhambane,-23.865,35.3833,69.78,88,75,11.5,MZ,1626675445
135,San Patricio,28.017,-97.5169,84.09,83,1,7.43,US,1626675579
136,Tautira,-17.7333,-149.15,77.02,79,100,24.9,PF,1626675580
137,Popondetta,-8.7537,148.2534,85.6,60,90,5.64,PG,1626675581
138,Zhifang,30.35,114.3167,76.98,67,93,3.47,CN,1626675582
139,Boende,-0.2167,20.8667,76.73,68,52,0.63,CD,1626675582
140,Lufilufi,-13.8745,-171.5986,85.78,78,16,20.92,WS,1626675582
141,Hambantota,6.1241,81.1185,87.87,61,79,24.9,LK,1626675583
142,Deputatsky,69.3,139.9,64.18,33,100,6.85,RU,1626675583
143,Namatanai,-3.6667,152.4333,82.67,74,100,1.97,PG,1626675584
144,Avarua,-21.2078,-159.775,75.25,83,20,11.5,CK,1626675584
145,Chadiza,-14.0678,32.4392,55.92,69,10,6.22,ZM,1626675585
146,Jalu,29.0331,21.5482,77.05,61,33,8.61,LY,1626675585
147,Solok,-0.7918,100.6593,81.55,54,87,3.18,ID,1626675585
148,Balabac,7.9868,117.0645,84.04,72,99,19.28,PH,1626675586
149,Gambēla,8.25,34.5833,74.88,82,87,2.46,ET,1626675373
150,Tibati,6.4667,12.6333,65.88,95,100,0.83,CM,1626675586
151,Tabuk,17.4189,121.4443,84.88,74,100,4.05,PH,1626675587
152,Coahuayana Viejo,18.7333,-103.6833,78.19,90,91,2.86,MX,1626675587
153,Aksha,50.2814,113.2867,81.27,45,17,4.21,RU,1626675588
154,Rio Grande,-32.035,-52.0986,48.94,69,97,30.09,BR,1626675521
155,Lumeje,-11.55,20.7833,54.82,46,7,6.76,AO,1626675589
156,Dikson,73.5069,80.5464,36.07,89,47,7.92,RU,1626675589
157,Verāval,20.9,70.3667,85.39,74,100,20.45,IN,1626675590
158,Don Luan,11.5333,106.9167,76.14,85,100,7.96,VN,1626675590
159,Cabatuan,10.8794,122.486,85.66,71,100,14.41,PH,1626675592
160,Torbay,47.6666,-52.7314,58.75,87,20,11.5,CA,1626675592
161,Kitui,-1.367,38.0106,66.31,63,45,7.65,KE,1626675593
162,Province of Brindisi,40.5833,17.6667,75.49,76,99,8.39,IT,1626675593
163,Poço Verde,-10.7083,-38.1833,64.09,99,25,1.63,BR,1626675593
164,Fairbanks,64.8378,-147.7164,69.76,59,1,3.44,US,1626675005
165,Ukhta,63.5671,53.6835,72.54,42,90,8.7,RU,1626675594
166,Riyadh,24.6877,46.7219,96.94,46,21,1.63,SA,1626675433
167,Orán,-23.1322,-64.326,41.34,51,31,3.02,AR,1626675594
168,Urla,38.3229,26.764,81.41,60,0,6.2,TR,1626675595
169,Zanjān,36.6736,48.4787,82.09,34,0,4.61,IR,1626675370
170,Kieta,-6.2167,155.6333,81.72,81,100,6.67,PG,1626675596
171,Klaksvík,62.2266,-6.589,49.12,88,15,6.26,FO,1626675597
172,Prince George,53.9166,-122.753,60.26,86,90,0.0,CA,1626675598
173,Yulara,-25.2406,130.9889,73.24,25,5,3.44,AU,1626675598
174,Rundu,-17.9333,19.7667,46.62,44,0,5.82,NA,1626675598
175,San Andrés,12.5847,-81.7006,82.42,78,40,17.27,CO,1626675599
176,New Norfolk,-42.7826,147.0587,54.66,66,100,1.99,AU,1626675385
177,Safford,32.834,-109.7076,75.11,94,40,5.75,US,1626675600
178,Waitati,-45.75,170.5667,46.8,84,94,3.51,NZ,1626675601
179,Mount Isa,-20.7333,139.5,74.97,19,36,12.66,AU,1626675389
180,Bhuj,23.2667,69.6667,89.65,58,80,26.02,IN,1626675602
181,Zhezkazgan,47.8043,67.7144,87.91,25,8,3.8,KZ,1626675603
182,Guánica,17.9716,-66.908,81.01,84,87,4.0,PR,1626675603
183,Nishihara,26.1842,127.7558,91.06,59,75,23.02,JP,1626675603
184,Barrow,71.2906,-156.7887,44.62,81,90,13.8,US,1626675604
185,Saint Anthony,45.0205,-93.218,71.92,79,1,0.0,US,1626675605
186,Te Anau,-45.4167,167.7167,42.53,89,78,1.77,NZ,1626675605
187,Cidreira,-30.1811,-50.2056,49.37,70,92,27.51,BR,1626675606
188,Turbo,8.0937,-76.7269,75.54,93,68,7.85,CO,1626675608
189,Qinzhou,21.95,108.6167,93.49,47,100,5.44,CN,1626675608
190,Nome,64.5011,-165.4064,60.17,72,1,9.22,US,1626675571
191,São Filipe,14.8961,-24.4956,74.5,86,56,6.69,CV,1626675610
192,La Ronge,55.1001,-105.2842,53.85,87,90,4.61,CA,1626675610
193,Ereymentau,51.6199,73.1033,71.91,42,60,4.5,KZ,1626675610
194,Kavieng,-2.5744,150.7967,82.96,73,95,4.76,PG,1626675611
195,Lebu,-37.6167,-73.65,47.43,73,61,14.9,CL,1626675611
196,George Town,5.4112,100.3354,91.33,66,20,5.75,MY,1626675539
197,Ledenice,48.9333,14.6189,68.18,90,42,4.25,CZ,1626675612
198,Makkah al Mukarramah,21.4267,39.8261,89.87,32,100,4.79,SA,1626675386
199,Divnogorsk,55.9594,92.3619,72.09,65,81,9.69,RU,1626675612
200,Mayo,38.8876,-76.5119,75.24,83,75,1.01,US,1626675613
201,San Quintín,30.4833,-115.95,69.78,87,7,7.23,MX,1626675613
202,Ilulissat,69.2167,-51.1,51.82,71,20,14.97,GL,1626675614
203,Leningori,42.126,44.4833,81.91,40,0,4.72,GE,1626675614
204,Tessalit,20.1986,1.0114,88.03,29,33,7.61,ML,1626675615
205,Edd,13.9297,41.6925,92.44,56,18,7.02,ER,1626675615
206,Umluj,25.0213,37.2685,89.85,51,61,5.26,SA,1626675437
207,Kerema,-7.9631,145.7785,81.01,83,99,5.08,PG,1626675616
208,Omboué,-1.5746,9.2618,70.9,86,37,4.38,GA,1626675616
209,Kemijärvi,66.7131,27.4306,53.78,69,92,7.76,FI,1626675617
210,Chardara,41.2547,67.9692,89.04,33,0,2.48,KZ,1626675618
211,San Vicente,-26.6167,-54.1333,30.87,83,31,1.7,AR,1626675618
212,Cayenne,4.9333,-52.3333,78.1,89,0,0.0,GF,1626675453
213,Geraldton,-28.7667,114.6,64.81,77,90,6.91,AU,1626675619
214,Buri,-23.7975,-48.5928,37.87,65,52,5.28,BR,1626675619
215,Kumul,42.8,93.45,89.33,20,95,9.04,CN,1626675620
216,San-Pédro,4.7485,-6.6363,74.21,79,84,6.35,CI,1626675620
217,Ormara,25.2088,64.6357,84.81,83,100,21.21,PK,1626675621
218,Dunedin,-45.8742,170.5036,46.8,84,98,1.99,NZ,1626675622
219,Klyuchi,52.2667,79.1667,73.54,43,16,9.17,RU,1626675622
220,Tilichiki,60.4667,166.1,61.18,67,98,2.84,RU,1626675622
221,Longyearbyen,78.2186,15.6401,40.84,70,75,9.22,SJ,1626675623
222,Baft,29.234,56.6057,79.68,34,97,3.71,IR,1626675623
223,Laiyang,36.9758,120.7136,83.21,67,73,8.72,CN,1626675623
224,Diego de Almagro,-26.3667,-70.05,58.19,29,100,2.53,CL,1626675624
225,Tuktoyaktuk,69.4541,-133.0374,46.29,94,91,3.15,CA,1626675624
226,Grahamstown,-33.3042,26.5328,52.72,27,0,11.07,ZA,1626675625
227,Krasnokholmskiy,55.9873,55.0466,76.46,57,0,1.54,RU,1626675625
228,Washington,47.5001,-120.5015,79.2,43,0,6.04,US,1626675336
229,Kysyl-Syr,63.8986,122.7617,74.08,48,82,10.67,RU,1626675626
230,Avilés,43.5547,-5.9248,63.18,99,90,3.44,ES,1626675627
231,Jumla,29.2747,82.1838,65.37,90,100,2.37,NP,1626675627
232,Santa Rosa,14.3122,121.1114,85.86,72,100,11.5,PH,1626675628
233,Tadine,-21.55,167.8833,70.86,71,53,9.89,NC,1626675628
234,Albury,-36.0833,146.9167,51.01,79,90,6.91,AU,1626675629
235,Bull Savanna,17.8868,-77.5902,76.14,85,48,4.59,JM,1626675629
236,Aykhal,66.0,111.5,64.94,59,92,32.75,RU,1626675630
237,Kuytun,54.3419,101.5036,75.2,46,89,8.23,RU,1626675631
238,Matara,5.9485,80.5353,85.14,68,78,15.9,LK,1626675631
239,Qaqortoq,60.7167,-46.0333,46.9,100,100,5.08,GL,1626675632
240,Henties Bay,-22.116,14.2845,62.85,71,37,8.95,NA,1626675632
241,Saint-Philippe,-21.3585,55.7679,76.59,77,33,15.1,RE,1626675633
242,Sitka,57.0531,-135.33,60.69,77,90,0.0,US,1626675633
243,Biak,-0.9131,122.8766,82.08,69,91,9.01,ID,1626675634
244,Lino Lakes,45.1602,-93.0888,72.1,83,1,1.01,US,1626675445
245,Görele,41.0308,39.0031,81.84,66,38,4.99,TR,1626675635
246,Ancud,-41.8697,-73.8203,46.22,91,100,5.61,CL,1626675635
247,Aswān,24.0934,32.907,97.88,16,10,8.3,EG,1626675636
248,Vao,-22.6667,167.4833,69.01,64,1,9.33,NC,1626675637
249,Port-Gentil,-0.7193,8.7815,73.78,80,84,9.51,GA,1626675637
250,Carnarvon,-24.8667,113.6333,77.07,39,54,6.91,AU,1626675445
251,Rawson,-43.3002,-65.1023,49.1,34,96,7.02,AR,1626675638
252,Tura,25.5198,90.2201,78.91,89,100,2.08,IN,1626675639
253,Mungwi,-10.1732,31.3694,56.37,58,2,7.9,ZM,1626675639
254,Ugoofaaru,5.6667,73.0,83.44,70,95,8.39,MV,1626675640
255,Córdoba,-31.4135,-64.1811,37.76,47,0,2.3,AR,1626675640
256,Arnprior,45.4334,-76.3494,68.61,94,98,1.07,CA,1626675413
257,Yar-Sale,66.8333,70.8333,65.28,51,8,11.97,RU,1626675641
258,Warrington,53.3925,-2.5802,67.95,85,1,3.2,GB,1626675642
259,Leningradskiy,69.3833,178.4167,39.02,96,100,9.19,RU,1626675642
260,Taoudenni,22.6783,-3.9836,97.95,10,50,6.98,ML,1626675643
261,Esperance,-33.8667,121.9,61.45,65,93,15.88,AU,1626675644
262,Zaozyornoye,45.1582,33.2787,83.53,58,0,6.51,UA,1626675644
263,Cabinda,-5.55,12.2,69.33,92,24,3.24,AO,1626675645
264,Bud,39.447,-86.1758,69.98,91,0,6.42,US,1626675645
265,Ambon City,-3.6954,128.1814,84.34,79,40,3.44,ID,1626675645
266,Prince Rupert,54.3161,-130.3201,58.69,94,40,4.61,CA,1626675410
267,Sioux Lookout,50.1001,-91.917,71.98,60,40,4.61,CA,1626675646
268,Okhotsk,59.3833,143.3,65.68,71,23,13.24,RU,1626675647
269,Longford,53.7333,-7.8,58.15,95,11,5.17,IE,1626675647
270,Djibo,14.1022,-1.6306,84.61,54,100,18.81,BF,1626675648
271,Zachary,30.6485,-91.1565,79.74,94,1,5.37,US,1626675649
272,Kapit,2.0167,112.9333,95.29,42,92,2.37,MY,1626675649
273,Mahibadhoo,3.7833,72.9667,83.32,71,100,7.74,MV,1626675592
274,Copiapó,-27.3667,-70.3333,49.69,48,100,1.68,CL,1626675567
275,Alnāvar,15.4333,74.7333,76.1,92,100,10.85,IN,1626675651
276,Maragogi,-9.0122,-35.2225,72.39,90,36,5.61,BR,1626675652
277,Aklavik,68.2191,-135.0107,59.83,80,99,4.74,CA,1626675652
278,Tirlyanskiy,54.2109,58.5806,73.89,51,0,4.07,RU,1626675556
279,Road Town,18.4167,-64.6167,82.49,77,4,22.73,VG,1626675654
280,Gryazovets,58.88,40.2525,67.71,76,100,5.41,RU,1626675654
281,Jiuquan,39.7432,98.5174,84.29,25,91,8.32,CN,1626675656
282,Dhārūr,18.8167,76.1167,80.17,71,97,12.48,IN,1626675656
283,Bucerías,20.75,-105.3333,80.98,87,36,3.96,MX,1626675656
284,Canchungo,12.0672,-16.0333,77.13,94,100,2.53,GW,1626675657
285,Sudzha,51.1976,35.2726,79.72,62,5,3.78,RU,1626675657
286,Laas,46.6166,10.7002,69.03,69,16,4.65,IT,1626675658
287,Wiwilí,13.6268,-85.8254,68.49,91,31,3.11,NI,1626675658
288,Vostok,46.4856,135.8833,87.48,43,36,6.89,RU,1626675658
289,Barcelos,41.5388,-8.6151,65.28,91,62,1.99,PT,1626675659
290,Lima,-12.0432,-77.0282,59.25,88,90,8.05,PE,1626675387
291,Ostrovnoy,68.0531,39.5131,55.87,71,14,23.11,RU,1626675659
292,Saint George,37.1041,-113.5841,83.62,53,1,1.01,US,1626675410
293,Dingle,10.9995,122.6711,86.61,69,100,16.4,PH,1626675661
294,Acapulco de Juárez,16.8634,-99.8901,79.61,83,96,3.15,MX,1626675661
295,Ouallam,14.3188,2.0866,76.28,66,100,19.08,NE,1626675662
296,Mahon,39.8885,4.2658,77.56,73,0,6.91,ES,1626675662
297,Faanui,-16.4833,-151.75,77.36,77,99,17.85,PF,1626675663
298,Mongo,12.1844,18.693,73.76,83,90,7.78,TD,1626675663
299,Faya,18.3851,42.4509,69.91,53,100,5.88,SA,1626675664
300,Buta,2.7858,24.73,72.16,93,100,1.5,CD,1626675665
301,Smithers,54.7804,-127.1743,55.72,88,75,0.0,CA,1626675665
302,Dalby,-27.1833,151.2667,61.11,37,0,10.63,AU,1626675666
303,Bariloche,-41.1456,-71.3082,35.44,62,0,6.91,AR,1626675460
304,Samarai,-10.6167,150.6667,80.47,74,79,13.96,PG,1626675667
305,Shahr-e Bābak,30.1165,55.1186,84.7,34,65,4.61,IR,1626675429
306,Lompoc,34.6391,-120.4579,69.21,94,1,5.75,US,1626675382
307,Coffs Harbour,-30.3,153.1333,64.36,39,39,8.05,AU,1626675668
308,Darnah,32.767,22.6367,79.29,66,0,8.68,LY,1626675669
309,Benguela,-12.5763,13.4055,68.45,83,74,0.76,AO,1626675669
310,Pedernales,18.0384,-71.744,80.85,72,79,5.26,DO,1626675670
311,Zyryanskoye,56.8306,86.6258,64.38,76,97,5.32,RU,1626675671
312,Xichang,27.8964,102.2634,85.32,42,1,2.93,CN,1626675671
313,Saint-Joseph,-21.3667,55.6167,75.58,70,16,15.52,RE,1626675671
314,Maumere,-8.6199,122.2111,82.35,62,50,0.43,ID,1626675672
315,Springbok,-29.6643,17.8865,50.07,36,0,7.85,ZA,1626675673
316,Nässjö,57.6531,14.6968,59.92,55,64,7.14,SE,1626675673
317,São José da Coroa Grande,-8.8978,-35.1478,72.73,90,27,5.93,BR,1626675674
318,Marsh Harbour,26.5412,-77.0636,82.31,73,2,12.93,BS,1626675674
319,Walvis Bay,-22.9575,14.5053,63.09,33,4,14.88,NA,1626675675
320,Kyshtovka,56.555,76.6271,68.47,61,6,4.54,RU,1626675676
321,Kiruna,67.8557,20.2251,50.92,62,90,12.66,SE,1626675677
322,Mayumba,-3.432,10.6554,70.18,86,63,2.75,GA,1626675678
323,Turbiv,49.3479,28.7212,70.32,88,40,11.18,UA,1626675679
324,Morehead,37.2711,-87.1764,72.0,97,75,3.44,US,1626675680
325,Saint-Augustin,51.226,-58.6502,60.55,72,34,3.11,CA,1626675381
326,Isangel,-19.55,169.2667,77.11,88,90,5.75,VU,1626675680
327,Maksatikha,57.797,35.8825,75.0,54,32,6.13,RU,1626675614
328,Yining,29.0361,114.5636,88.95,62,99,3.91,CN,1626675681
329,Portales,34.1862,-103.3344,75.96,57,11,5.64,US,1626675682
330,Vestmannaeyjar,63.4427,-20.2734,50.31,91,87,10.85,IS,1626675683
331,Whitianga,-36.8333,175.7,55.02,78,7,10.94,NZ,1626675683
332,Chui,-33.6971,-53.4616,49.59,82,100,19.53,UY,1626675683
333,São João da Barra,-21.6403,-41.0511,68.54,91,81,14.34,BR,1626675684
334,Plettenberg Bay,-34.0527,23.3716,59.04,43,25,7.07,ZA,1626675684
335,Gorontalo,0.5412,123.0595,86.76,58,51,9.01,ID,1626675685
336,Dickinson,29.4608,-95.0513,84.94,84,1,0.0,US,1626675685
337,Arrondissement d'Ajaccio,42.0,8.9167,78.85,73,0,2.3,FR,1626675568
338,Hamilton,39.1834,-84.5333,69.89,91,1,3.44,US,1626675535
339,Asău,46.4333,26.4,80.4,69,35,0.49,RO,1626675687
340,Port Blair,11.6667,92.75,79.43,89,100,19.6,IN,1626675687
341,Orangeburg,33.4918,-80.8557,73.24,93,1,0.0,US,1626675608
342,North Bend,43.4065,-124.2243,57.11,90,90,4.61,US,1626675688
343,Hillsborough,37.5741,-122.3794,72.64,87,75,13.8,US,1626675609
344,Kavaratti,10.5669,72.642,82.45,79,100,19.01,IN,1626675691
345,Nabire,-3.3667,135.4833,75.16,95,100,1.95,ID,1626675691
346,Ossora,59.2353,163.0719,56.77,81,100,3.94,RU,1626675692
347,Port Lincoln,-34.7333,135.8667,58.41,75,59,21.27,AU,1626675692
348,Meulaboh,4.1363,96.1285,84.83,63,81,5.93,ID,1626675692
349,Gushi,34.6425,109.5843,88.03,54,70,11.05,CN,1626675693
350,Lata,40.1629,-8.3327,61.92,84,100,4.5,PT,1626675694
351,Kuril'sk,45.2333,147.8833,66.02,83,54,2.01,RU,1626675694
352,Ayan,56.45,138.1667,62.11,79,0,5.53,RU,1626675695
353,Kabalo,-6.05,26.9167,74.59,34,28,8.41,CD,1626675696
354,Tabas,33.5959,56.9244,97.61,15,0,3.15,IR,1626675696
355,Simao,22.7886,100.9748,74.35,83,100,2.62,CN,1626675697
356,Narsaq,60.9167,-46.05,46.62,99,100,5.44,GL,1626675699
357,Tagusao,9.1924,117.8141,83.59,75,91,20.27,PH,1626675700
358,Carballo,43.213,-8.691,62.55,94,6,1.68,ES,1626675701
359,Nikolskoye,59.7035,30.7861,67.89,49,26,9.66,RU,1626675382
360,Qasigiannguit,68.8193,-51.1922,52.05,95,100,3.38,GL,1626675704
361,Oriximiná,-1.7656,-55.8661,72.46,91,16,4.32,BR,1626675705
362,Kahului,20.8947,-156.47,77.85,83,40,19.57,US,1626675705
363,Cachoeira do Sul,-30.0392,-52.8939,41.59,78,37,10.74,BR,1626675706
364,Pozzallo,36.7305,14.8499,77.65,59,0,3.42,IT,1626675706
365,Vilhena,-12.7406,-60.1458,57.45,80,0,7.11,BR,1626675707
366,West Wendover,40.7391,-114.0733,83.41,28,40,6.91,US,1626675708
367,Hualmay,-11.0964,-77.6139,62.17,84,61,9.22,PE,1626675708
368,Berlevåg,70.8578,29.0864,48.15,87,75,17.27,NO,1626675709
369,Ginir,7.1333,40.7,63.16,61,66,11.99,ET,1626675710
370,Cap Malheureux,-19.9842,57.6142,76.46,61,5,5.99,MU,1626675710
371,Ust-Kuyga,70.0167,135.6,69.64,31,100,17.72,RU,1626675711
372,Bloomfield,40.8068,-74.1854,73.9,82,90,1.01,US,1626675712
373,Havøysund,70.9963,24.6622,49.08,74,34,21.39,NO,1626675713
374,Wuxue,29.8506,115.5525,90.19,64,96,7.56,CN,1626675714
375,Marrakesh,31.6315,-8.0083,73.47,43,0,3.44,MA,1626675611
376,Horasan,40.0458,42.1728,79.54,34,5,1.01,TR,1626675714
377,Muskogee,35.5834,-95.3336,77.22,91,2,4.61,US,1626675717
378,Ekhabi,53.5102,142.9671,72.66,54,27,8.88,RU,1626675718
379,Sørland,67.667,12.6934,49.86,82,100,23.67,NO,1626675718
380,Rocha,-34.4833,-54.3333,48.88,84,99,21.54,UY,1626675719
381,Deori Khās,23.4,79.0167,95.49,42,66,11.52,IN,1626675720
382,Nuevitas,21.5453,-77.2644,78.24,86,8,10.63,CU,1626675721
383,Pacific Grove,36.6177,-121.9166,70.29,91,90,1.01,US,1626675721
384,Geneva,41.8875,-88.3054,69.71,80,1,1.01,US,1626675721
385,Redlands,34.0556,-117.1825,87.06,31,40,3.44,US,1626675722
386,Cockburn Town,21.4612,-71.1419,81.36,84,100,21.34,TC,1626675724
387,Krasnoural'sk,58.3638,60.0407,75.18,50,12,4.25,RU,1626675725
388,Machico,32.7,-16.7667,72.01,71,20,17.27,PT,1626675725
389,Saldanha,-33.0117,17.9442,48.25,90,29,8.41,ZA,1626675726
390,Torrington,41.8007,-73.1212,71.1,95,98,1.01,US,1626675726
391,Phan Thiet,10.9333,108.1,86.31,66,85,16.78,VN,1626675726
392,Marystown,47.1666,-55.1483,58.41,79,92,4.79,CA,1626675727
393,Tombouctou,20.0,-3.0,89.13,32,37,9.13,ML,1626675727
394,Pahrump,36.2083,-115.9839,86.85,42,72,10.0,US,1626675641
395,Tsimmerbude,54.675,20.1347,68.05,65,72,13.09,RU,1626675729
396,Batagay-Alyta,67.8006,130.4114,68.0,44,100,3.98,RU,1626675730
397,Kulhudhuffushi,6.6221,73.07,83.28,72,88,9.06,MV,1626675732
398,Kruisfontein,-34.0033,24.7314,54.3,27,1,11.41,ZA,1626675732
399,Zhangjiakou,40.81,114.8794,84.76,54,33,8.12,CN,1626675733
400,Srednekolymsk,67.45,153.6833,65.21,32,50,4.76,RU,1626675733
401,Port Hedland,-20.3167,118.5667,84.25,21,42,13.8,AU,1626675733
402,Senneterre,48.3835,-77.2328,59.22,92,1,5.1,CA,1626675734
403,Los Llanos de Aridane,28.6585,-17.9182,65.95,94,20,12.66,ES,1626675735
404,Mapiripán,2.8892,-72.1256,70.61,99,100,2.59,CO,1626675735
405,Podstepki,53.5151,49.1355,86.65,57,5,5.3,RU,1626675736
406,Chagoda,59.164,35.3285,75.56,52,29,8.08,RU,1626675736
407,San Policarpo,12.1791,125.5072,90.52,59,81,5.57,PH,1626675737
408,Roald,62.5833,6.1333,58.15,76,75,13.8,NO,1626675738
409,Basco,20.4487,121.9702,84.24,74,100,1.1,PH,1626675739
410,Alice Springs,-23.7,133.8833,74.21,21,4,11.99,AU,1626675740
411,Salalah,17.0151,54.0924,80.69,83,90,10.36,OM,1626675740
412,Oltu,40.5498,42.0013,82.35,37,7,0.63,TR,1626675741
413,Imuris,30.7833,-110.8667,81.91,64,43,2.68,MX,1626675741
414,Marolambo,-20.05,48.1167,63.86,94,62,2.3,MG,1626675742
415,Cruzeiro,-22.5761,-44.9628,51.57,80,8,1.74,BR,1626675742
416,Turki,51.987,43.2731,82.98,50,10,5.12,RU,1626675743
417,Cortez,37.3489,-108.5859,73.51,60,75,7.27,US,1626675744
418,Motril,36.7507,-3.5179,79.03,50,0,4.45,ES,1626675744
419,Nantucket,41.2835,-70.0995,73.99,95,90,9.22,US,1626675745
420,Melville,40.7934,-73.4151,74.55,80,75,3.44,US,1626675746
421,Chapais,49.7834,-74.8492,58.78,75,13,5.93,CA,1626675746
422,Along,28.1667,94.7667,90.3,65,78,4.63,IN,1626675747
423,Talnakh,69.4865,88.3972,57.34,54,66,4.9,RU,1626675747
424,Shache,38.4167,77.2406,68.45,68,100,12.37,CN,1626675748
425,Portoferraio,42.8115,10.3146,81.97,70,37,15.57,IT,1626675748
426,Maningrida,-12.0667,134.2667,86.45,46,22,9.64,AU,1626675749
427,Zhangye,38.9342,100.4517,87.15,22,74,10.85,CN,1626675749
428,Warrnambool,-38.3833,142.4833,55.81,72,49,15.77,AU,1626675750
429,Itarema,-2.9248,-39.9167,76.98,87,3,10.8,BR,1626675750
430,Villa Tecolutilla,18.2833,-93.3167,72.5,92,60,9.93,MX,1626675751
431,Chicama,-7.8447,-79.1469,64.74,83,35,5.82,PE,1626675752
432,Rio Brilhante,-21.8019,-54.5464,42.26,52,54,5.19,BR,1626675752
433,Stokmarknes,68.5646,14.9108,52.5,86,100,12.33,NO,1626675753
434,Marawi,7.9986,124.2928,78.93,74,88,5.97,PH,1626675753
435,Yuzhno-Kurilsk,44.0306,145.8556,69.87,82,15,4.03,RU,1626675754
436,Grass Valley,39.2191,-121.0611,81.46,36,1,3.0,US,1626675755
437,Vanimo,-2.6741,141.3028,83.61,72,55,4.9,PG,1626675755
438,Kamiiso,41.8167,140.65,88.18,55,75,16.11,JP,1626675756
439,Barpeta,26.3167,91.0,80.69,88,100,8.41,IN,1626675757
440,Urengoy,65.9667,78.3667,63.34,50,27,6.42,RU,1626675758
441,Klaeng,12.7797,101.6483,87.94,84,100,9.48,TH,1626675758
442,Husavik,66.0449,-17.3389,53.51,80,100,6.02,IS,1626675759
443,Shingū,33.7333,135.9833,88.92,71,1,5.14,JP,1626675759
444,Mubende,0.5606,31.39,68.86,54,90,2.08,UG,1626675760
445,Brownsville,25.9018,-97.4975,82.9,85,1,4.0,US,1626675509
446,Krasnosel'kup,65.7,82.4667,61.86,48,8,7.87,RU,1626675760
447,Ajdabiya,30.7554,20.2263,79.2,62,0,8.37,LY,1626675761
448,Katsuura,35.1333,140.3,91.51,78,10,10.49,JP,1626675762
449,Ahipara,-35.1667,173.1667,55.49,80,45,12.41,NZ,1626675764
450,Ambunti,-4.2365,142.8448,86.92,67,77,0.85,PG,1626675765
451,Karratha,-20.7377,116.8463,82.35,22,28,14.67,AU,1626675766
452,Cairns,-16.9167,145.7667,83.95,74,90,6.91,AU,1626675767
453,Itakyry,-24.9333,-55.2167,34.02,68,16,2.51,PY,1626675767
454,Banda Aceh,5.5577,95.3222,87.1,60,83,17.67,ID,1626675768
455,Beihai,21.4833,109.1,88.41,63,100,6.58,CN,1626675768
456,Sémbé,1.6481,14.5806,70.79,95,87,3.87,CG,1626675769
457,Huarmey,-10.0681,-78.1522,63.14,87,74,10.18,PE,1626675770
458,Batamshinskiy,50.5594,58.2747,80.58,38,4,9.89,KZ,1626675771
459,Dhāna,23.75,78.85,93.97,42,55,11.86,IN,1626675771
460,Passo de Camaragibe,-9.2368,-35.4901,69.35,92,50,3.87,BR,1626675772
461,Camaná,-16.6228,-72.7111,59.22,86,67,4.88,PE,1626675772
462,Souillac,-20.5167,57.5167,76.35,68,75,11.5,MU,1626675773
463,Calama,-22.4667,-68.9333,45.09,18,20,20.71,CL,1626675774
464,Santa,17.486,120.4348,82.13,86,100,12.41,PH,1626675775
465,Wawa,9.9022,4.4192,73.4,93,100,7.07,NG,1626675775
466,Buraidah,26.326,43.975,95.45,30,23,6.38,SA,1626675776
467,Kailua,21.4022,-157.7394,78.78,68,75,10.36,US,1626675778
468,Almaznyy,48.0448,40.045,87.94,35,0,9.44,RU,1626675779
469,Osinovo,55.8809,48.881,82.49,50,37,4.23,RU,1626675780
470,Arlit,18.7369,7.3853,90.54,29,100,9.57,NE,1626675780
471,Talcahuano,-36.7167,-73.1167,40.68,93,0,9.22,CL,1626675615
472,Leiyang,26.4024,112.8591,92.37,51,99,2.01,CN,1626675781
473,Khudumelapye,-23.8833,24.75,43.56,56,0,5.61,BW,1626675782
474,Guerrero Negro,27.9769,-114.0611,70.93,81,13,10.47,MX,1626675783
475,Santo Augusto,-27.8508,-53.7772,35.06,85,0,5.99,BR,1626675783
476,Alacranes,22.7675,-81.5675,75.69,93,14,5.41,CU,1626675783
477,Redmond,47.674,-122.1215,66.09,66,42,3.76,US,1626675780
478,Mendeleyevo,56.0333,37.2167,75.61,88,75,8.95,RU,1626675784
479,Portland,45.5234,-122.6762,72.45,66,1,1.01,US,1626675550
480,Ambulu,-8.345,113.6058,86.09,60,51,9.66,ID,1626675785
481,Kebomas,-7.1667,112.6333,89.17,48,23,8.88,ID,1626675786
482,Lárdos,36.0942,28.0157,80.94,66,0,1.52,GR,1626675786
483,Daugavpils,55.8833,26.5333,67.3,60,18,7.25,LV,1626675788
484,Wilkie,52.4168,-108.7014,52.18,69,4,9.48,CA,1626675788
485,Izhma,65.0083,53.9113,69.39,51,96,6.93,RU,1626675789
486,Toledo,39.8333,-4.0,73.69,45,0,3.53,ES,1626675711
487,Kendari,-3.945,122.4989,84.06,65,90,2.89,ID,1626675790
488,Kargala,56.6208,83.9607,68.04,68,35,4.61,RU,1626675790
489,Novokayakent,42.3937,47.9861,84.25,62,0,6.69,RU,1626675667
490,Tiksi,71.6872,128.8694,47.64,70,100,3.47,RU,1626675791
491,Beira,-19.8436,34.8389,62.69,77,20,9.22,MZ,1626675791
492,Taltal,-25.4,-70.4833,56.98,78,99,2.3,CL,1626675793
493,Dutse,11.7594,9.3392,75.2,77,100,9.53,NG,1626675793
494,Boden,65.8252,21.6886,57.2,52,74,7.05,SE,1626675794
495,Zyryanka,65.75,150.85,65.89,35,43,6.67,RU,1626675794
496,Bauchi,10.5,10.0,72.41,78,100,4.52,NG,1626675795
497,Corinth,37.9407,22.9573,84.0,70,1,6.6,GR,1626675795
498,Muros,42.7762,-9.0603,66.16,94,87,3.71,ES,1626675796
499,Grand Gaube,-20.0064,57.6608,76.37,61,7,5.99,MU,1626675796
